timestamp,cpu_percentage,memory_rss_bytes,cpu_cycles_est,pj_power_w,pj_energy_j,pj_active
2025-09-04 12:51:46.785,run_565,0.0,40140800,3347397347,,,1
2025-09-04 12:51:46.881,run_565,0.0,40140800,4135448089,,,1
2025-09-04 12:51:46.980,run_565,0.0,40140800,3910042816,,,1
2025-09-04 12:51:47.086,run_565,0.0,40140800,3831280180,,,1
2025-09-04 12:51:47.197,run_565,19.9,40140800,2300046092,,,1
2025-09-04 12:51:47.281,run_565,0.0,40140800,5065458544,,,1
2025-09-04 12:51:47.383,run_565,0.0,40140800,4433817855,,,1
2025-09-04 12:51:47.479,run_565,0.0,40140800,5395219842,,,1
2025-09-04 12:51:47.590,run_565,0.0,40140800,2953077918,,,1
2025-09-04 12:51:47.693,run_565,0.0,40140800,3217765310,,,1
2025-09-04 12:51:47.774,run_565,0.0,40140800,4633902636,,,1
2025-09-04 12:51:47.894,run_565,0.0,40140800,6115234636,,,1
2025-09-04 12:51:47.989,run_565,0.0,40140800,6638111601,,,1
2025-09-04 12:51:48.093,run_565,20.0,40140800,6997576012,,,1
2025-09-04 12:51:48.191,run_565,0.0,40140800,6033581007,,,1
2025-09-04 12:51:48.291,run_565,0.0,40304640,5139332990,,,1
2025-09-04 12:51:48.401,run_565,0.0,40304640,6607353725,,,1
2025-09-04 12:51:48.535,run_565,0.0,41287680,6802106475,,,1
2025-09-04 12:51:48.618,run_565,20.0,41287680,5895396644,,,1
2025-09-04 12:51:48.719,run_565,19.9,41287680,6319202077,,,1
2025-09-04 12:51:48.822,run_565,0.0,41287680,6237810832,,,1
2025-09-04 12:51:48.926,run_565,0.0,41287680,5158360046,,,1
2025-09-04 12:51:49.024,run_565,20.0,41287680,6854414946,,,1
2025-09-04 12:51:49.123,run_565,20.0,41287680,6009468893,,,1
2025-09-04 12:51:49.222,run_565,0.0,41287680,5288230377,,,1
2025-09-04 12:51:49.327,run_565,20.0,41451520,8560062300,,,1
2025-09-04 12:51:49.424,run_565,0.0,41451520,7273881327,,,1
2025-09-04 12:51:49.522,run_565,0.0,41451520,6337316321,,,1
2025-09-04 12:51:49.629,run_565,20.0,41451520,4869822720,,,1
2025-09-04 12:51:49.719,run_565,0.0,41451520,6704108100,,,1
2025-09-04 12:51:49.823,run_565,0.0,41451520,6461950037,,,1
2025-09-04 12:51:49.928,run_565,20.0,41451520,6764188911,,,1
2025-09-04 12:51:50.022,run_565,20.0,41451520,5298838474,,,1
2025-09-04 12:51:50.149,run_565,20.0,41451520,6606685623,,,1
2025-09-04 12:51:50.239,run_565,20.0,41451520,5289336465,,,1
2025-09-04 12:51:50.342,run_565,0.0,41451520,6962451089,,,1
2025-09-04 12:51:50.438,run_565,0.0,41451520,6334019760,,,1
2025-09-04 12:51:50.541,run_565,20.0,41451520,6674963947,,,1
2025-09-04 12:51:50.640,run_565,0.0,41451520,5399539350,,,1
2025-09-04 12:51:50.736,run_565,0.0,41451520,6550598272,,,1
2025-09-04 12:51:50.839,run_565,20.0,41451520,6468333290,,,1
2025-09-04 12:51:50.932,run_565,0.0,41451520,5257684927,,,1
2025-09-04 12:51:51.033,run_565,0.0,41451520,5859286640,,,1
2025-09-04 12:51:51.137,run_565,20.0,41451520,7149095856,,,1
2025-09-04 12:51:51.233,run_565,20.0,41451520,7771222553,,,1
2025-09-04 12:51:51.335,run_565,20.0,41451520,6824603468,,,1
2025-09-04 12:51:51.436,run_565,0.0,41451520,6983666034,,,1
2025-09-04 12:51:51.539,run_565,20.0,41451520,7133362500,,,1
2025-09-04 12:51:51.640,run_565,20.0,41451520,5199633523,,,1
2025-09-04 12:51:51.733,run_565,20.0,41451520,7404760160,,,1
2025-09-04 12:51:51.832,run_565,0.0,41451520,6496857749,,,1
2025-09-04 12:51:51.940,run_565,0.0,41451520,5954181841,,,1
2025-09-04 12:51:52.039,run_565,20.0,41451520,6571429424,,,1
2025-09-04 12:51:52.136,run_565,0.0,41451520,7349379744,,,1
2025-09-04 12:51:52.243,run_565,0.0,41451520,6808052475,,,1
2025-09-04 12:51:52.333,run_565,0.0,41451520,7639412120,,,1
2025-09-04 12:51:52.437,run_565,0.0,41451520,7094265857,,,1
2025-09-04 12:51:52.538,run_565,0.0,41451520,7042205790,,,1
2025-09-04 12:51:52.640,run_565,0.0,41451520,7035205065,,,1
2025-09-04 12:51:52.733,run_565,0.0,41451520,5457689205,,,1
2025-09-04 12:51:52.834,run_565,20.0,41451520,5976825392,,,1
2025-09-04 12:51:52.934,run_565,19.9,41451520,7565774504,,,1
2025-09-04 12:51:53.032,run_565,0.0,41451520,7234192448,,,1
2025-09-04 12:51:53.140,run_565,19.9,41451520,8352333874,,,1
2025-09-04 12:51:53.235,run_565,20.0,41451520,6887471408,,,1
2025-09-04 12:51:53.338,run_565,20.0,41451520,7256524344,,,1
2025-09-04 12:51:53.437,run_565,20.0,41451520,8846649862,,,1
2025-09-04 12:51:53.543,run_565,20.0,41451520,5808619846,,,1
2025-09-04 12:51:53.638,run_565,0.0,41451520,7394120221,,,1
2025-09-04 12:51:53.732,run_565,0.0,41451520,7747617094,,,1
2025-09-04 12:51:53.842,run_565,20.0,41451520,7113393566,,,1
2025-09-04 12:51:53.938,run_565,20.0,41451520,5971078560,,,1
2025-09-04 12:51:54.044,run_565,20.0,41451520,5909408326,,,1
2025-09-04 12:51:54.139,run_565,20.0,41451520,5799753850,,,1
2025-09-04 12:51:54.240,run_565,20.0,41451520,5839078347,,,1
2025-09-04 12:51:54.341,run_565,20.0,41451520,7212756876,,,1
2025-09-04 12:51:54.437,run_565,0.0,41451520,7658435442,,,1
2025-09-04 12:51:54.542,run_565,0.0,41451520,7798044117,,,1
2025-09-04 12:51:54.642,run_565,20.0,41451520,7368704787,,,1
2025-09-04 12:51:54.734,run_565,20.0,41451520,7389797128,,,1
2025-09-04 12:51:54.840,run_565,20.0,41451520,7086969520,,,1
2025-09-04 12:51:54.962,run_565,0.0,41451520,6778793927,,,1
2025-09-04 12:51:55.054,run_565,0.0,41451520,7472168125,,,1
2025-09-04 12:51:55.154,run_565,0.0,41451520,8354162124,,,1
2025-09-04 12:51:55.253,run_565,19.9,41451520,7093230632,,,1
2025-09-04 12:51:55.348,run_565,20.0,41451520,6793252829,,,1
2025-09-04 12:51:55.457,run_565,20.0,41451520,8513868082,,,1
2025-09-04 12:51:55.556,run_565,0.0,41451520,6030211079,,,1
2025-09-04 12:51:55.666,run_565,0.0,41451520,9098846760,,,1
2025-09-04 12:51:55.758,run_565,0.0,41451520,8438870677,,,1
2025-09-04 12:51:55.858,run_565,0.0,41451520,9454867200,,,1
2025-09-04 12:51:55.953,run_565,19.9,41451520,9454216338,,,1
2025-09-04 12:51:56.056,run_565,0.0,41451520,7407416714,,,1
2025-09-04 12:51:56.156,run_565,0.0,41451520,6013692459,,,1
2025-09-04 12:51:56.249,run_565,20.0,41451520,8542497284,,,1
2025-09-04 12:51:56.353,run_565,0.0,41451520,7128366699,,,1
2025-09-04 12:51:56.451,run_565,0.0,41451520,9004238490,,,1
2025-09-04 12:51:56.552,run_565,20.0,41451520,7500128494,,,1
2025-09-04 12:51:56.651,run_565,0.0,41451520,8213985449,,,1
2025-09-04 12:51:56.751,run_565,0.0,41451520,7181065747,,,1
2025-09-04 12:51:56.852,run_565,0.0,41451520,7852035687,,,1
2025-09-04 12:51:56.955,run_565,0.0,41451520,9005185331,,,1
2025-09-04 12:51:57.054,run_565,20.0,41451520,9257904187,,,1
2025-09-04 12:51:57.152,run_565,0.0,41451520,8220937325,,,1
2025-09-04 12:51:57.252,run_565,0.0,41451520,7447991089,,,1
2025-09-04 12:51:57.358,run_565,0.0,41451520,8961982359,,,1
2025-09-04 12:51:57.457,run_565,0.0,41451520,6711022973,,,1
2025-09-04 12:51:57.555,run_565,0.0,41451520,7001470519,,,1
2025-09-04 12:51:57.654,run_565,19.9,41451520,7659530075,,,1
2025-09-04 12:51:57.755,run_565,20.0,41451520,7749701595,,,1
2025-09-04 12:51:57.868,run_565,0.0,41451520,9534569964,,,1
2025-09-04 12:51:57.962,run_565,0.0,41451520,8097716216,,,1
2025-09-04 12:51:58.049,run_565,0.0,41451520,7806404215,,,1
2025-09-04 12:51:58.151,run_565,20.0,41451520,7120401151,,,1
2025-09-04 12:51:58.262,run_565,20.0,41451520,7173541529,,,1
2025-09-04 12:51:58.360,run_565,19.9,41451520,8269223599,,,1
2025-09-04 12:51:58.454,run_565,0.0,41451520,8176361171,,,1
2025-09-04 12:51:58.555,run_565,0.0,41451520,7615532759,,,1
2025-09-04 12:51:58.668,run_565,19.9,41451520,10052983581,,,1
2025-09-04 12:51:58.746,run_565,20.0,41451520,7482169840,,,1
2025-09-04 12:51:58.861,run_565,0.0,41451520,8376108565,,,1
2025-09-04 12:51:58.950,run_565,0.0,41451520,7173675880,,,1
2025-09-04 12:51:59.072,run_565,0.0,41451520,9125469942,,,1
2025-09-04 12:51:59.156,run_565,0.0,41451520,8732300221,,,1
2025-09-04 12:51:59.274,run_565,20.0,41451520,8281006056,,,1
2025-09-04 12:51:59.366,run_565,0.0,41451520,8420591702,,,1
2025-09-04 12:51:59.478,run_565,0.0,41451520,11082805829,,,1
2025-09-04 12:51:59.571,run_565,0.0,41451520,10548662410,,,1
2025-09-04 12:51:59.681,run_565,0.0,41451520,7762373913,,,1
2025-09-04 12:51:59.772,run_565,0.0,41451520,8328321359,,,1
2025-09-04 12:51:59.865,run_565,0.0,41451520,9331285320,,,1
2025-09-04 12:51:59.969,run_565,0.0,41451520,9083624905,,,1
2025-09-04 12:52:00.067,run_565,0.0,41451520,8086471360,,,1
2025-09-04 12:52:00.168,run_565,0.0,41451520,9983407131,,,1
2025-09-04 12:52:00.269,run_565,0.0,41451520,9327605221,,,1
2025-09-04 12:52:00.377,run_565,0.0,41451520,9064722513,,,1
2025-09-04 12:52:00.475,run_565,20.0,41451520,8528357370,,,1
2025-09-04 12:52:00.572,run_565,0.0,41451520,9660939020,,,1
2025-09-04 12:52:00.666,run_565,0.0,41451520,10197813829,,,1
2025-09-04 12:52:00.770,run_565,0.0,41451520,9901921342,,,1
2025-09-04 12:52:00.880,run_565,0.0,41451520,7972578906,,,1
2025-09-04 12:52:00.972,run_565,0.0,41451520,9963666700,,,1
2025-09-04 12:52:01.076,run_565,20.0,41451520,10257780449,,,1
2025-09-04 12:52:01.170,run_565,0.0,41451520,8588223955,,,1
2025-09-04 12:52:01.280,run_565,0.0,41451520,8702330377,,,1
2025-09-04 12:52:01.369,run_565,0.0,41451520,9382215775,,,1
2025-09-04 12:52:01.473,run_565,0.0,41451520,9278733143,,,1
2025-09-04 12:52:01.574,run_565,0.0,41451520,9141301552,,,1
2025-09-04 12:52:01.673,run_565,0.0,41451520,9466287327,,,1
2025-09-04 12:52:01.822,run_565,0.0,41451520,12103517579,,,1
2025-09-04 12:52:01.908,run_565,0.0,41451520,11003104058,,,1
2025-09-04 12:52:02.012,run_565,0.0,41451520,10158202886,,,1
2025-09-04 12:52:02.114,run_565,20.0,41451520,10476086060,,,1
2025-09-04 12:52:02.209,run_565,20.0,41451520,8969505904,,,1
2025-09-04 12:52:02.308,run_565,20.0,41451520,9950875116,,,1
2025-09-04 12:52:02.412,run_565,20.0,41451520,8008556345,,,1
2025-09-04 12:52:02.507,run_565,20.0,41451520,6355322633,,,1
2025-09-04 12:52:02.614,run_565,0.0,41451520,8690481292,,,1
2025-09-04 12:52:02.712,run_565,20.0,41451520,11480949130,,,1
2025-09-04 12:52:02.812,run_565,0.0,41451520,9719694231,,,1
2025-09-04 12:52:02.907,run_565,0.0,41451520,9643364786,,,1
2025-09-04 12:52:03.015,run_565,0.0,41451520,9676959743,,,1
2025-09-04 12:52:03.105,run_565,0.0,41451520,9244363843,,,1
2025-09-04 12:52:03.216,run_565,20.0,41451520,9993134620,,,1
2025-09-04 12:52:03.309,run_565,0.0,41451520,10405129935,,,1
2025-09-04 12:52:03.411,run_565,20.0,41451520,9781036741,,,1
2025-09-04 12:52:03.513,run_565,20.0,41451520,9119404996,,,1
2025-09-04 12:52:03.610,run_565,20.0,41451520,9683767080,,,1
2025-09-04 12:52:03.711,run_565,19.9,41451520,10089096874,,,1
2025-09-04 12:52:03.810,run_565,20.0,41451520,8199498861,,,1
2025-09-04 12:52:03.909,run_565,0.0,41451520,8406664852,,,1
2025-09-04 12:52:04.013,run_565,20.0,41451520,9636308554,,,1
2025-09-04 12:52:04.111,run_565,20.0,41451520,11270658428,,,1
2025-09-04 12:52:04.210,run_565,0.0,41451520,10247304766,,,1
2025-09-04 12:52:04.309,run_565,20.0,41451520,10258947764,,,1
2025-09-04 12:52:04.414,run_565,20.0,41451520,10926646130,,,1
2025-09-04 12:52:04.516,run_565,20.0,41451520,8975802600,,,1
2025-09-04 12:52:04.615,run_565,20.0,41451520,10416199707,,,1
2025-09-04 12:52:04.715,run_565,20.0,41451520,10025552248,,,1
2025-09-04 12:52:04.808,run_565,20.0,41451520,8175806654,,,1
2025-09-04 12:52:04.919,run_565,0.0,41451520,11750962944,,,1
2025-09-04 12:52:05.016,run_565,20.0,41451520,9580885736,,,1
2025-09-04 12:52:05.109,run_565,0.0,41451520,10285593162,,,1
2025-09-04 12:52:05.211,run_565,0.0,41451520,8335335190,,,1
2025-09-04 12:52:05.315,run_565,20.0,41451520,9559669485,,,1
2025-09-04 12:52:05.418,run_565,20.0,41451520,10897858160,,,1
2025-09-04 12:52:05.513,run_565,20.0,41451520,7407644106,,,1
2025-09-04 12:52:05.608,run_565,0.0,41451520,7708560983,,,1
2025-09-04 12:52:05.709,run_565,0.0,41451520,9607441833,,,1
2025-09-04 12:52:05.807,run_565,0.0,41451520,9482686731,,,1
2025-09-04 12:52:05.911,run_565,20.0,41451520,10661725472,,,1
2025-09-04 12:52:06.008,run_565,20.0,41451520,9755366107,,,1
2025-09-04 12:52:06.114,run_565,0.0,41451520,11115619528,,,1
2025-09-04 12:52:06.219,run_565,0.0,41451520,9815463212,,,1
2025-09-04 12:52:06.315,run_565,0.0,41451520,11432802762,,,1
2025-09-04 12:52:06.415,run_565,0.0,41451520,10443066099,,,1
2025-09-04 12:52:06.510,run_565,0.0,41451520,10084305965,,,1
2025-09-04 12:52:06.617,run_565,20.0,41451520,9203662125,,,1
2025-09-04 12:52:06.707,run_565,20.0,41451520,9452481246,,,1
2025-09-04 12:52:06.819,run_565,0.0,41451520,9471241119,,,1
2025-09-04 12:52:06.915,run_565,0.0,41451520,12283942879,,,1
2025-09-04 12:52:07.017,run_565,20.0,41451520,10135104255,,,1
2025-09-04 12:52:07.116,run_565,20.0,41451520,13512878684,,,1
2025-09-04 12:52:07.213,run_565,0.0,41451520,9625039207,,,1
2025-09-04 12:52:07.312,run_565,20.0,41451520,11013139104,,,1
2025-09-04 12:52:07.421,run_565,20.0,41451520,9265497496,,,1
2025-09-04 12:52:07.514,run_565,20.0,41451520,9896648839,,,1
2025-09-04 12:52:07.621,run_565,20.0,41451520,10583891707,,,1
2025-09-04 12:52:07.711,run_565,0.0,41451520,11926007640,,,1
2025-09-04 12:52:07.817,run_565,0.0,41451520,10602873961,,,1
2025-09-04 12:52:07.911,run_565,0.0,41451520,7246575015,,,1
2025-09-04 12:52:08.018,run_565,20.0,41451520,11891542168,,,1
2025-09-04 12:52:08.109,run_565,20.0,41451520,11426235216,,,1
2025-09-04 12:52:08.212,run_565,0.0,41451520,10210218746,,,1
2025-09-04 12:52:08.312,run_565,0.0,41451520,9609621449,,,1
2025-09-04 12:52:08.415,run_565,0.0,41451520,10052353602,,,1
2025-09-04 12:52:08.520,run_565,0.0,41451520,9231523505,,,1
2025-09-04 12:52:08.623,run_565,0.0,41451520,12000883696,,,1
2025-09-04 12:52:08.719,run_565,0.0,41451520,9518327912,,,1
2025-09-04 12:52:08.820,run_565,20.0,41451520,9284082066,,,1
2025-09-04 12:52:08.918,run_565,20.0,41451520,12449857309,,,1
2025-09-04 12:52:09.011,run_565,20.0,41451520,9443560325,,,1
2025-09-04 12:52:09.117,run_565,20.0,41451520,11389728228,,,1
2025-09-04 12:52:09.215,run_565,20.0,41451520,9923824086,,,1
2025-09-04 12:52:09.318,run_565,0.0,41451520,9205455187,,,1
2025-09-04 12:52:09.414,run_565,0.0,41451520,11070792187,,,1
2025-09-04 12:52:09.518,run_565,0.0,41451520,10146587292,,,1
2025-09-04 12:52:09.616,run_565,20.0,41451520,12602684555,,,1
2025-09-04 12:52:09.718,run_565,0.0,41451520,10408590801,,,1
2025-09-04 12:52:09.815,run_565,20.0,41451520,11420465744,,,1
2025-09-04 12:52:09.916,run_565,20.0,41451520,9283686710,,,1
2025-09-04 12:52:10.019,run_565,0.0,41451520,8579658799,,,1
2025-09-04 12:52:10.122,run_565,0.0,41451520,12687608761,,,1
2025-09-04 12:52:10.218,run_565,0.0,41451520,10095593516,,,1
2025-09-04 12:52:10.317,run_565,0.0,41451520,10206230342,,,1
2025-09-04 12:52:10.423,run_565,0.0,41451520,12670517568,,,1
2025-09-04 12:52:10.518,run_565,20.0,41451520,11391792142,,,1
2025-09-04 12:52:10.616,run_565,20.0,41451520,11547851411,,,1
2025-09-04 12:52:10.713,run_565,20.0,41451520,11675394292,,,1
2025-09-04 12:52:10.817,run_565,0.0,41451520,11494074170,,,1
2025-09-04 12:52:10.913,run_565,0.0,41451520,14019491091,,,1
2025-09-04 12:52:11.019,run_565,20.0,41451520,10293763513,,,1
2025-09-04 12:52:11.121,run_565,20.0,41451520,12796389255,,,1
2025-09-04 12:52:11.215,run_565,20.0,41451520,10736261378,,,1
2025-09-04 12:52:11.314,run_565,20.0,41451520,11896265668,,,1
2025-09-04 12:52:11.424,run_565,0.0,41451520,13254776434,,,1
2025-09-04 12:52:11.520,run_565,0.0,41451520,13465110161,,,1
2025-09-04 12:52:11.625,run_565,20.0,41451520,15197373187,,,1
2025-09-04 12:52:11.720,run_565,0.0,41451520,10003967819,,,1
2025-09-04 12:52:11.823,run_565,0.0,41451520,11813526618,,,1
2025-09-04 12:52:11.917,run_565,0.0,41451520,10340939480,,,1
2025-09-04 12:52:12.016,run_565,0.0,41451520,11701097117,,,1
2025-09-04 12:52:12.116,run_565,0.0,41451520,10412109088,,,1
2025-09-04 12:52:12.219,run_565,20.0,41451520,10350253400,,,1
2025-09-04 12:52:12.314,run_565,20.0,41451520,12606487224,,,1
2025-09-04 12:52:12.420,run_565,0.0,41451520,10728087292,,,1
2025-09-04 12:52:12.523,run_565,20.0,41451520,12582811290,,,1
2025-09-04 12:52:12.622,run_565,0.0,41451520,15203765812,,,1
2025-09-04 12:52:12.723,run_565,0.0,41451520,11724966771,,,1
2025-09-04 12:52:12.816,run_565,0.0,41451520,11525550949,,,1
2025-09-04 12:52:12.914,run_565,0.0,41451520,10772397888,,,1
2025-09-04 12:52:13.031,run_565,0.0,41451520,12625150980,,,1
2025-09-04 12:52:13.123,run_565,19.9,41451520,13366362332,,,1
2025-09-04 12:52:13.228,run_565,19.9,41451520,14420822143,,,1
2025-09-04 12:52:13.316,run_565,0.0,41451520,11820670921,,,1
2025-09-04 12:52:13.416,run_565,20.0,41451520,8373431967,,,1
2025-09-04 12:52:13.521,run_565,0.0,41451520,12273609186,,,1
2025-09-04 12:52:13.628,run_565,0.0,41451520,13809092837,,,1
2025-09-04 12:52:13.728,run_565,0.0,41451520,14380593760,,,1
2025-09-04 12:52:13.819,run_565,0.0,41451520,11120737812,,,1
2025-09-04 12:52:13.919,run_565,0.0,41451520,11099251393,,,1
2025-09-04 12:52:14.026,run_565,0.0,41451520,13355336379,,,1
2025-09-04 12:52:14.125,run_565,0.0,41451520,16189469278,,,1
2025-09-04 12:52:14.224,run_565,19.9,41451520,12364293060,,,1
2025-09-04 12:52:14.320,run_565,19.9,41451520,13436275624,,,1
2025-09-04 12:52:14.420,run_565,19.9,41451520,12691280328,,,1
2025-09-04 12:52:14.519,run_565,19.9,41451520,12321017946,,,1
2025-09-04 12:52:14.623,run_565,0.0,41451520,12916953724,,,1
2025-09-04 12:52:14.729,run_565,0.0,41451520,14977070124,,,1
2025-09-04 12:52:14.826,run_565,0.0,41451520,13375119870,,,1
2025-09-04 12:52:14.926,run_565,20.0,41451520,12713625459,,,1
2025-09-04 12:52:15.032,run_565,20.0,41451520,12589052685,,,1
2025-09-04 12:52:15.122,run_565,20.0,41451520,13960610449,,,1
2025-09-04 12:52:15.225,run_565,19.9,41451520,14187975775,,,1
2025-09-04 12:52:15.321,run_565,0.0,41451520,12290383716,,,1
2025-09-04 12:52:15.417,run_565,20.0,41451520,12571567848,,,1
2025-09-04 12:52:15.524,run_565,20.0,41451520,11551015213,,,1
2025-09-04 12:52:15.619,run_565,20.0,41451520,11864315288,,,1
2025-09-04 12:52:15.721,run_565,20.0,41451520,14048040771,,,1
2025-09-04 12:52:15.822,run_565,0.0,41451520,11555603454,,,1
2025-09-04 12:52:15.923,run_565,0.0,41451520,14109541689,,,1
2025-09-04 12:52:16.022,run_565,20.0,41451520,11464083315,,,1
2025-09-04 12:52:16.118,run_565,0.0,41451520,13301971540,,,1
2025-09-04 12:52:16.222,run_565,0.0,41451520,14183891920,,,1
2025-09-04 12:52:16.323,run_565,20.0,41451520,14361713383,,,1
2025-09-04 12:52:16.427,run_565,19.9,41451520,13882636339,,,1
2025-09-04 12:52:16.522,run_565,19.9,41451520,14402979024,,,1
2025-09-04 12:52:16.626,run_565,0.0,41451520,15635473542,,,1
2025-09-04 12:52:16.735,run_565,0.0,41451520,13596518652,,,1
2025-09-04 12:52:16.827,run_565,0.0,41451520,14114368882,,,1
2025-09-04 12:52:16.926,run_565,0.0,41451520,14288110714,,,1
2025-09-04 12:52:17.028,run_565,0.0,41451520,17405370975,,,1
2025-09-04 12:52:17.124,run_565,0.0,41451520,13017222563,,,1
2025-09-04 12:52:17.230,run_565,0.0,41451520,14111474625,,,1
2025-09-04 12:52:17.325,run_565,0.0,41451520,14789369919,,,1
2025-09-04 12:52:17.427,run_565,20.0,41451520,14635133980,,,1
2025-09-04 12:52:17.516,run_565,0.0,41451520,14824581511,,,1
2025-09-04 12:52:17.623,run_565,20.0,41451520,13488749054,,,1
2025-09-04 12:52:17.718,run_565,20.0,41451520,14041232205,,,1
2025-09-04 12:52:17.819,run_565,0.0,41451520,12543389448,,,1
2025-09-04 12:52:17.919,run_565,0.0,41451520,11384345292,,,1
2025-09-04 12:52:18.022,run_565,20.0,41451520,14051114625,,,1
2025-09-04 12:52:18.128,run_565,20.0,41451520,15793734745,,,1
2025-09-04 12:52:18.223,run_565,0.0,41451520,12316083074,,,1
2025-09-04 12:52:18.319,run_565,0.0,41451520,14594053150,,,1
2025-09-04 12:52:18.419,run_565,20.0,41451520,11916093268,,,1
2025-09-04 12:52:18.519,run_565,0.0,41451520,13405513735,,,1
2025-09-04 12:52:18.622,run_565,0.0,41451520,9985596159,,,1
2025-09-04 12:52:18.725,run_565,20.0,41451520,16720915344,,,1
2025-09-04 12:52:18.831,run_565,20.0,41451520,15522625608,,,1
2025-09-04 12:52:18.926,run_565,20.0,41451520,16975855672,,,1
2025-09-04 12:52:19.029,run_565,20.0,41451520,16219578991,,,1
2025-09-04 12:52:19.122,run_565,0.0,41451520,15824590143,,,1
2025-09-04 12:52:19.223,run_565,0.0,41451520,12436128742,,,1
2025-09-04 12:52:19.331,run_565,19.9,41451520,13987302264,,,1
2025-09-04 12:52:19.425,run_565,20.0,41451520,12912705214,,,1
2025-09-04 12:52:19.531,run_565,20.0,41451520,15103087630,,,1
2025-09-04 12:52:19.632,run_565,20.0,41451520,15449597691,,,1
2025-09-04 12:52:19.726,run_565,20.0,41451520,14589431708,,,1
2025-09-04 12:52:19.828,run_565,20.0,41451520,14259517143,,,1
2025-09-04 12:52:19.920,run_565,0.0,41451520,14414818502,,,1
2025-09-04 12:52:20.024,run_565,0.0,41451520,12885997124,,,1
2025-09-04 12:52:20.122,run_565,20.0,41451520,15540048398,,,1
2025-09-04 12:52:20.231,run_565,20.0,41451520,17449490695,,,1
2025-09-04 12:52:20.332,run_565,20.0,41451520,14478960335,,,1
2025-09-04 12:52:20.432,run_565,20.0,41451520,16512580651,,,1
2025-09-04 12:52:20.525,run_565,20.0,41451520,17203327919,,,1
2025-09-04 12:52:20.627,run_565,20.0,41451520,12949441836,,,1
2025-09-04 12:52:20.723,run_565,20.0,41451520,13654652710,,,1
2025-09-04 12:52:20.833,run_565,0.0,41451520,13586457454,,,1
2025-09-04 12:52:20.920,run_565,0.0,41451520,15989210506,,,1
2025-09-04 12:52:21.026,run_565,20.0,41451520,14668684316,,,1
2025-09-04 12:52:21.125,run_565,19.9,41451520,12821342630,,,1
2025-09-04 12:52:21.235,run_565,20.0,41451520,14575910552,,,1
2025-09-04 12:52:21.329,run_565,20.0,41451520,15861946727,,,1
2025-09-04 12:52:21.428,run_565,20.0,41451520,14554835704,,,1
2025-09-04 12:52:21.529,run_565,20.0,41451520,15063952336,,,1
2025-09-04 12:52:21.626,run_565,20.0,41451520,14829646649,,,1
2025-09-04 12:52:21.730,run_565,0.0,41451520,15578176774,,,1
2025-09-04 12:52:21.838,run_565,0.0,41451520,15562574215,,,1
2025-09-04 12:52:21.931,run_565,20.0,41451520,16048104462,,,1
2025-09-04 12:52:22.025,run_565,20.0,41451520,16591717168,,,1
2025-09-04 12:52:22.141,run_565,20.0,41451520,15140408827,,,1
2025-09-04 12:52:22.226,run_565,20.0,41451520,16673226743,,,1
2025-09-04 12:52:22.331,run_565,20.0,41451520,16911039540,,,1
2025-09-04 12:52:22.432,run_565,20.0,41451520,14967081986,,,1
2025-09-04 12:52:22.530,run_565,20.0,41451520,12935537329,,,1
2025-09-04 12:52:22.624,run_565,0.0,41451520,14556258142,,,1
2025-09-04 12:52:22.730,run_565,20.0,41451520,13235184500,,,1
2025-09-04 12:52:22.829,run_565,20.0,41451520,13314563975,,,1
2025-09-04 12:52:22.930,run_565,20.0,41451520,13708151900,,,1
2025-09-04 12:52:23.026,run_565,0.0,41451520,14764021544,,,1
2025-09-04 12:52:23.125,run_565,20.0,41451520,17291848140,,,1
2025-09-04 12:52:23.229,run_565,20.0,41451520,14024667595,,,1
2025-09-04 12:52:23.329,run_565,0.0,41451520,14567458765,,,1
2025-09-04 12:52:23.425,run_565,20.0,41451520,13911228528,,,1
2025-09-04 12:52:23.528,run_565,20.0,41451520,15581329335,,,1
2025-09-04 12:52:23.624,run_565,20.0,41451520,13515506877,,,1
2025-09-04 12:52:23.735,run_565,20.0,41451520,15598104962,,,1
2025-09-04 12:52:23.826,run_565,39.9,41451520,14205874350,,,1
2025-09-04 12:52:23.933,run_565,0.0,41451520,12806364671,,,1
2025-09-04 12:52:24.036,run_565,0.0,41451520,17165646335,,,1
2025-09-04 12:52:24.131,run_565,0.0,41451520,13315170474,,,1
2025-09-04 12:52:24.231,run_565,20.0,41451520,15517159106,,,1
2025-09-04 12:52:24.333,run_565,20.0,41451520,17462579057,,,1
2025-09-04 12:52:24.436,run_565,20.0,41451520,17545951769,,,1
2025-09-04 12:52:24.530,run_565,19.9,41451520,15281726663,,,1
2025-09-04 12:52:24.635,run_565,20.0,41451520,18853549911,,,1
2025-09-04 12:52:24.738,run_565,0.0,41451520,17768733120,,,1
2025-09-04 12:52:24.829,run_565,0.0,41451520,15604437466,,,1
2025-09-04 12:52:24.940,run_565,19.9,41451520,17162275519,,,1
2025-09-04 12:52:25.037,run_565,20.0,41451520,17092767936,,,1
2025-09-04 12:52:25.144,run_565,20.0,41451520,15108713712,,,1
2025-09-04 12:52:25.238,run_565,20.0,41451520,13434576882,,,1
2025-09-04 12:52:25.336,run_565,20.0,41451520,18010055539,,,1
2025-09-04 12:52:25.432,run_565,0.0,41451520,18549143287,,,1
2025-09-04 12:52:25.536,run_565,19.9,41451520,16723829940,,,1
2025-09-04 12:52:25.647,run_565,20.0,41451520,18861714973,,,1
2025-09-04 12:52:25.742,run_565,0.0,41451520,16824495026,,,1
2025-09-04 12:52:25.834,run_565,0.0,41451520,16961125104,,,1
2025-09-04 12:52:25.939,run_565,20.0,41451520,14677406530,,,1
2025-09-04 12:52:26.036,run_565,19.9,41451520,19026871739,,,1
2025-09-04 12:52:26.136,run_565,20.0,41451520,16966971845,,,1
2025-09-04 12:52:26.234,run_565,19.9,41451520,17635754248,,,1
2025-09-04 12:52:26.343,run_565,20.0,41451520,15941251554,,,1
2025-09-04 12:52:26.440,run_565,0.0,41451520,18200041650,,,1
2025-09-04 12:52:26.535,run_565,0.0,41451520,16929502817,,,1
2025-09-04 12:52:26.632,run_565,20.0,41451520,15228818064,,,1
2025-09-04 12:52:26.737,run_565,0.0,41451520,17625249140,,,1
2025-09-04 12:52:26.835,run_565,0.0,41451520,17087545236,,,1
2025-09-04 12:52:26.940,run_565,0.0,41451520,17552761907,,,1
2025-09-04 12:52:27.041,run_565,0.0,41451520,14806007947,,,1
2025-09-04 12:52:27.148,run_565,20.0,41451520,13476405239,,,1
2025-09-04 12:52:27.238,run_565,20.0,41451520,18189307781,,,1
2025-09-04 12:52:27.343,run_565,0.0,41451520,18640947192,,,1
2025-09-04 12:52:27.441,run_565,0.0,41451520,16124791867,,,1
2025-09-04 12:52:27.545,run_565,20.0,41451520,17550337752,,,1
2025-09-04 12:52:27.638,run_565,19.9,41451520,15798069536,,,1
2025-09-04 12:52:27.734,run_565,0.0,41451520,19268654850,,,1
2025-09-04 12:52:27.840,run_565,0.0,41451520,16544487065,,,1
2025-09-04 12:52:27.941,run_565,19.9,41451520,16738108022,,,1
2025-09-04 12:52:28.042,run_565,20.0,41451520,21344314148,,,1
2025-09-04 12:52:28.138,run_565,0.0,41451520,16309403654,,,1
2025-09-04 12:52:28.241,run_565,0.0,41451520,18079948088,,,1
2025-09-04 12:52:28.341,run_565,20.0,41451520,17900426774,,,1
2025-09-04 12:52:28.435,run_565,19.9,41451520,18173237382,,,1
2025-09-04 12:52:28.535,run_565,19.9,41451520,18552590832,,,1
2025-09-04 12:52:28.661,run_565,0.0,41451520,16376319693,,,1
2025-09-04 12:52:28.748,run_565,0.0,41451520,20560720554,,,1
2025-09-04 12:52:28.846,run_565,0.0,41451520,16717545273,,,1
2025-09-04 12:52:28.953,run_565,20.0,41451520,17852028157,,,1
2025-09-04 12:52:29.049,run_565,19.9,41451520,15827846878,,,1
2025-09-04 12:52:29.161,run_565,0.0,41451520,18852845004,,,1
2025-09-04 12:52:29.255,run_565,0.0,41451520,16215952975,,,1
2025-09-04 12:52:29.354,run_565,20.0,41451520,15213261780,,,1
2025-09-04 12:52:29.449,run_565,0.0,41451520,17336231928,,,1
2025-09-04 12:52:29.552,run_565,0.0,41451520,15750641699,,,1
2025-09-04 12:52:29.645,run_565,20.0,41451520,17485583920,,,1
2025-09-04 12:52:29.747,run_565,0.0,41451520,21001666686,,,1
2025-09-04 12:52:29.849,run_565,0.0,41451520,18638352364,,,1
2025-09-04 12:52:29.949,run_565,19.9,41451520,13397793380,,,1
2025-09-04 12:52:30.045,run_565,20.0,41451520,20149788578,,,1
2025-09-04 12:52:30.148,run_565,0.0,41451520,16939996619,,,1
2025-09-04 12:52:30.258,run_565,20.0,41451520,17863009772,,,1
2025-09-04 12:52:30.350,run_565,20.0,41451520,17343631793,,,1
2025-09-04 12:52:30.458,run_565,0.0,41451520,16526227894,,,1
2025-09-04 12:52:30.547,run_565,0.0,41451520,17516122060,,,1
2025-09-04 12:52:30.660,run_565,20.0,41451520,18975896794,,,1
2025-09-04 12:52:30.752,run_565,0.0,41451520,16417949044,,,1
2025-09-04 12:52:30.852,run_565,20.0,41451520,17489531445,,,1
2025-09-04 12:52:30.954,run_565,0.0,41451520,20279139090,,,1
2025-09-04 12:52:31.048,run_565,0.0,41451520,17538711521,,,1
2025-09-04 12:52:31.151,run_565,0.0,41451520,17056951053,,,1
2025-09-04 12:52:31.250,run_565,20.0,41451520,16217899483,,,1
2025-09-04 12:52:31.369,run_565,20.0,41451520,16539003816,,,1
2025-09-04 12:52:31.455,run_565,20.0,41451520,16845783050,,,1
2025-09-04 12:52:31.555,run_565,0.0,41451520,14003064287,,,1
2025-09-04 12:52:31.667,run_565,0.0,41451520,18274410720,,,1
2025-09-04 12:52:31.758,run_565,0.0,41451520,19508821790,,,1
2025-09-04 12:52:31.855,run_565,20.0,41451520,20274699918,,,1
2025-09-04 12:52:31.957,run_565,0.0,41451520,17838973209,,,1
2025-09-04 12:52:32.053,run_565,0.0,41451520,16033935208,,,1
2025-09-04 12:52:32.153,run_565,20.0,41451520,18518451119,,,1
2025-09-04 12:52:32.263,run_565,0.0,41451520,19235957740,,,1
2025-09-04 12:52:32.367,run_565,0.0,41451520,14220040919,,,1
2025-09-04 12:52:32.457,run_565,0.0,41451520,16483847192,,,1
2025-09-04 12:52:32.563,run_565,0.0,41451520,18758450840,,,1
2025-09-04 12:52:32.671,run_565,0.0,41451520,20289323924,,,1
2025-09-04 12:52:32.756,run_565,0.0,41451520,16383629138,,,1
2025-09-04 12:52:32.862,run_565,0.0,41451520,17316384676,,,1
2025-09-04 12:52:32.956,run_565,0.0,41451520,16938385711,,,1
2025-09-04 12:52:33.066,run_565,19.9,41451520,19532360693,,,1
2025-09-04 12:52:33.163,run_565,20.0,41451520,21196171012,,,1
2025-09-04 12:52:33.265,run_565,0.0,41451520,18647615520,,,1
2025-09-04 12:52:33.360,run_565,0.0,41451520,21090584683,,,1
2025-09-04 12:52:33.458,run_565,20.0,41451520,19012076448,,,1
2025-09-04 12:52:33.558,run_565,0.0,41451520,19169578327,,,1
2025-09-04 12:52:33.663,run_565,0.0,41451520,17851600543,,,1
2025-09-04 12:52:33.769,run_565,20.0,41451520,23137094475,,,1
2025-09-04 12:52:33.868,run_565,20.0,41451520,19591558752,,,1
2025-09-04 12:52:33.980,run_565,20.0,41451520,17787836944,,,1
2025-09-04 12:52:34.069,run_565,0.0,41451520,16748701271,,,1
2025-09-04 12:52:34.167,run_565,0.0,41451520,20988997650,,,1
2025-09-04 12:52:34.264,run_565,20.0,41451520,19273267910,,,1
2025-09-04 12:52:34.364,run_565,0.0,41451520,20172431353,,,1
2025-09-04 12:52:34.470,run_565,0.0,41451520,17328579000,,,1
2025-09-04 12:52:34.573,run_565,0.0,41451520,17628645589,,,1
2025-09-04 12:52:34.689,run_565,0.0,41451520,15851191265,,,1
2025-09-04 12:52:34.779,run_565,20.0,41451520,17699670562,,,1
2025-09-04 12:52:34.877,run_565,19.9,41451520,20750755220,,,1
2025-09-04 12:52:34.981,run_565,0.0,41451520,18488298455,,,1
2025-09-04 12:52:35.078,run_565,0.0,41451520,18502496292,,,1
2025-09-04 12:52:35.177,run_565,0.0,41451520,19497936678,,,1
2025-09-04 12:52:35.286,run_565,0.0,41451520,20618379028,,,1
2025-09-04 12:52:35.377,run_565,20.0,41451520,21891105664,,,1
2025-09-04 12:52:35.488,run_565,20.0,41451520,22030810074,,,1
2025-09-04 12:52:35.575,run_565,20.0,41451520,20464348015,,,1
2025-09-04 12:52:35.681,run_565,20.0,41451520,15546469744,,,1
2025-09-04 12:52:35.783,run_565,20.0,41451520,16556667491,,,1
2025-09-04 12:52:35.898,run_565,20.0,41451520,20597321978,,,1
2025-09-04 12:52:35.998,run_565,0.0,41451520,15079538624,,,1
2025-09-04 12:52:36.106,run_565,0.0,41451520,18224504144,,,1
2025-09-04 12:52:36.198,run_565,0.0,41451520,17313436166,,,1
2025-09-04 12:52:36.293,run_565,0.0,41451520,18321519765,,,1
2025-09-04 12:52:36.401,run_565,0.0,41451520,20334672618,,,1
2025-09-04 12:52:36.495,run_565,20.0,41451520,18877240650,,,1
2025-09-04 12:52:36.601,run_565,20.0,41451520,17052303920,,,1
2025-09-04 12:52:36.688,run_565,0.0,41451520,19658455010,,,1
2025-09-04 12:52:36.787,run_565,0.0,41451520,19274069528,,,1
2025-09-04 12:52:36.894,run_565,20.0,41451520,15030361607,,,1
2025-09-04 12:52:37.000,run_565,20.0,41451520,17702410120,,,1
2025-09-04 12:52:37.096,run_565,0.0,41451520,16617707496,,,1
2025-09-04 12:52:37.199,run_565,0.0,41451520,17239651416,,,1
2025-09-04 12:52:37.308,run_565,0.0,41451520,13231925386,,,1
2025-09-04 12:52:37.405,run_565,20.0,41451520,18924617481,,,1
2025-09-04 12:52:37.498,run_565,20.0,41451520,19349432971,,,1
2025-09-04 12:52:37.593,run_565,20.0,41451520,17956120239,,,1
2025-09-04 12:52:37.696,run_565,20.0,41451520,15226604505,,,1
2025-09-04 12:52:37.798,run_565,20.0,41451520,14266748779,,,1
2025-09-04 12:52:37.903,run_565,20.0,41451520,19014428788,,,1
2025-09-04 12:52:37.993,run_565,20.0,41451520,16831075640,,,1
2025-09-04 12:52:38.103,run_565,0.0,41451520,17487086270,,,1
2025-09-04 12:52:38.203,run_565,0.0,41451520,21074712422,,,1
2025-09-04 12:52:38.304,run_565,0.0,41451520,15685868339,,,1
2025-09-04 12:52:38.396,run_565,0.0,41451520,17486627928,,,1
2025-09-04 12:52:38.506,run_565,0.0,41451520,16621004378,,,1
2025-09-04 12:52:38.601,run_565,0.0,41451520,16788220794,,,1
2025-09-04 12:52:38.704,run_565,0.0,41451520,15138782874,,,1
2025-09-04 12:52:38.802,run_565,20.0,41451520,15914990080,,,1
2025-09-04 12:52:38.908,run_565,19.9,41451520,20637115508,,,1
2025-09-04 12:52:38.994,run_565,20.0,41451520,19485722706,,,1
2025-09-04 12:52:39.103,run_565,0.0,41451520,15781622814,,,1
2025-09-04 12:52:39.194,run_565,20.0,41451520,16841837942,,,1
2025-09-04 12:52:39.302,run_565,20.0,41451520,18309767182,,,1
2025-09-04 12:52:39.404,run_565,20.0,41451520,22893616933,,,1
2025-09-04 12:52:39.503,run_565,0.0,41451520,17205091611,,,1
2025-09-04 12:52:39.604,run_565,0.0,41451520,18990860460,,,1
2025-09-04 12:52:39.701,run_565,20.0,41451520,18463119264,,,1
2025-09-04 12:52:39.793,run_565,20.0,41451520,18808806587,,,1
2025-09-04 12:52:39.908,run_565,20.0,41451520,15497275950,,,1
2025-09-04 12:52:40.004,run_565,20.0,41451520,18306247921,,,1
2025-09-04 12:52:40.106,run_565,20.0,41451520,16136531863,,,1
2025-09-04 12:52:40.202,run_565,20.0,41451520,13713100235,,,1
2025-09-04 12:52:40.300,run_565,20.0,41451520,18489221574,,,1
2025-09-04 12:52:40.402,run_565,20.0,41451520,18332037492,,,1
2025-09-04 12:52:40.496,run_565,0.0,41451520,19723273367,,,1
2025-09-04 12:52:40.610,run_565,0.0,41451520,18354796573,,,1
2025-09-04 12:52:40.697,run_565,0.0,41451520,20293538202,,,1
2025-09-04 12:52:40.795,run_565,20.0,41451520,18207242627,,,1
2025-09-04 12:52:40.900,run_565,20.0,41451520,19032505850,,,1
2025-09-04 12:52:40.999,run_565,20.0,41451520,16090192800,,,1
2025-09-04 12:52:41.100,run_565,0.0,41451520,20184723336,,,1
2025-09-04 12:52:41.194,run_565,0.0,41451520,18164435335,,,1
2025-09-04 12:52:41.311,run_565,0.0,41451520,20050786782,,,1
2025-09-04 12:52:41.395,run_565,0.0,41451520,19529368774,,,1
2025-09-04 12:52:41.494,run_565,20.0,41451520,20146944907,,,1
2025-09-04 12:52:41.598,run_565,0.0,41451520,16772111632,,,1
2025-09-04 12:52:41.699,run_565,0.0,41451520,19353325634,,,1
2025-09-04 12:52:41.795,run_565,20.0,41451520,16895627258,,,1
2025-09-04 12:52:41.905,run_565,20.0,41451520,19880083138,,,1
2025-09-04 12:52:42.008,run_565,0.0,41451520,19842183757,,,1
2025-09-04 12:52:42.094,run_565,0.0,41451520,18978123427,,,1
2025-09-04 12:52:42.199,run_565,20.0,41451520,15926730464,,,1
2025-09-04 12:52:42.304,run_565,20.0,41451520,18896495667,,,1
2025-09-04 12:52:42.401,run_565,20.0,41451520,20432425104,,,1
2025-09-04 12:52:42.497,run_565,20.0,41451520,19335202510,,,1
2025-09-04 12:52:42.610,run_565,0.0,41451520,18908856679,,,1
2025-09-04 12:52:42.707,run_565,0.0,41451520,19325516625,,,1
2025-09-04 12:52:42.795,run_565,0.0,41451520,20851150949,,,1
2025-09-04 12:52:42.912,run_565,20.0,41451520,16154625452,,,1
2025-09-04 12:52:43.007,run_565,0.0,41451520,15704838761,,,1
2025-09-04 12:52:43.107,run_565,0.0,41451520,20301779172,,,1
2025-09-04 12:52:43.201,run_565,0.0,41451520,17761615979,,,1
2025-09-04 12:52:43.295,run_565,0.0,41451520,18731745119,,,1
2025-09-04 12:52:43.403,run_565,20.0,41451520,17781950908,,,1
2025-09-04 12:52:43.499,run_565,20.0,41451520,18350998545,,,1
2025-09-04 12:52:43.601,run_565,20.0,41451520,19572432528,,,1
2025-09-04 12:52:43.706,run_565,20.0,41451520,17930905415,,,1
2025-09-04 12:52:43.804,run_565,0.0,41451520,17414025817,,,1
2025-09-04 12:52:43.898,run_565,0.0,41451520,23554641187,,,1
2025-09-04 12:52:43.998,run_565,20.0,41451520,20101443655,,,1
2025-09-04 12:52:44.099,run_565,20.0,41451520,19920091929,,,1
2025-09-04 12:52:44.196,run_565,0.0,41451520,22706699268,,,1
2025-09-04 12:52:44.310,run_565,20.0,41451520,17725869928,,,1
2025-09-04 12:52:44.406,run_565,0.0,41451520,22186281734,,,1
2025-09-04 12:52:44.500,run_565,0.0,41451520,20198542500,,,1
2025-09-04 12:52:44.607,run_565,20.0,41451520,17763910485,,,1
2025-09-04 12:52:44.705,run_565,20.0,41451520,21051808787,,,1
2025-09-04 12:52:44.794,run_565,20.0,41451520,17184677895,,,1
2025-09-04 12:52:44.907,run_565,20.0,41451520,21908608400,,,1
2025-09-04 12:52:45.008,run_565,20.0,41451520,18377463482,,,1
2025-09-04 12:52:45.098,run_565,0.0,41451520,21665689692,,,1
2025-09-04 12:52:45.200,run_565,0.0,41451520,18080918028,,,1
2025-09-04 12:52:45.297,run_565,20.0,41451520,17796273081,,,1
2025-09-04 12:52:45.432,run_565,19.9,41451520,22745723872,,,1
2025-09-04 12:52:45.526,run_565,0.0,41451520,20922423200,,,1
2025-09-04 12:52:45.617,run_565,0.0,41451520,17944311912,,,1
2025-09-04 12:52:45.737,run_565,20.0,41451520,20581373875,,,1
2025-09-04 12:52:45.826,run_565,20.0,41451520,23384987647,,,1
2025-09-04 12:52:45.929,run_565,20.0,41451520,21670452502,,,1
2025-09-04 12:52:46.021,run_565,20.0,41451520,19529532615,,,1
2025-09-04 12:52:46.134,run_565,20.0,41451520,21243481045,,,1
2025-09-04 12:52:46.216,run_565,0.0,41451520,18535770636,,,1
2025-09-04 12:52:46.322,run_565,20.0,41451520,22778276615,,,1
2025-09-04 12:52:46.419,run_565,20.0,41451520,17788560809,,,1
2025-09-04 12:52:46.529,run_565,20.0,41451520,20646172642,,,1
2025-09-04 12:52:46.639,run_565,20.0,41451520,20093766384,,,1
2025-09-04 12:52:46.725,run_565,20.0,41451520,22858763601,,,1
2025-09-04 12:52:46.827,run_565,20.0,41451520,20884926972,,,1
2025-09-04 12:52:46.924,run_565,20.0,41451520,22511230885,,,1
2025-09-04 12:52:47.031,run_565,20.0,41451520,21980725291,,,1
2025-09-04 12:52:47.124,run_565,20.0,41451520,24450303714,,,1
2025-09-04 12:52:47.228,run_565,20.0,41451520,19984267038,,,1
2025-09-04 12:52:47.322,run_565,20.0,41451520,22989893423,,,1
2025-09-04 12:52:47.428,run_565,20.0,41451520,23394364560,,,1
2025-09-04 12:52:47.527,run_565,20.0,41451520,25305050196,,,1
2025-09-04 12:52:47.631,run_565,20.0,41451520,19217468224,,,1
2025-09-04 12:52:47.737,run_565,20.0,41451520,20894170041,,,1
2025-09-04 12:52:47.832,run_565,20.0,41451520,23807965320,,,1
2025-09-04 12:52:47.926,run_565,20.0,41451520,23434515387,,,1
2025-09-04 12:52:48.025,run_565,20.0,41451520,22963818867,,,1
2025-09-04 12:52:48.122,run_565,0.0,41451520,22973276832,,,1
2025-09-04 12:52:48.223,run_565,0.0,41451520,27916688405,,,1
2025-09-04 12:52:48.327,run_565,20.0,41451520,25313793960,,,1
2025-09-04 12:52:48.434,run_565,39.9,41451520,22687265945,,,1
2025-09-04 12:52:48.529,run_565,20.0,41451520,25535523726,,,1
2025-09-04 12:52:48.633,run_565,20.0,41451520,20756375328,,,1
2025-09-04 12:52:48.727,run_565,0.0,41451520,25891812462,,,1
2025-09-04 12:52:48.825,run_565,0.0,41451520,22550042052,,,1
2025-09-04 12:52:48.925,run_565,0.0,41451520,19816900835,,,1
2025-09-04 12:52:49.028,run_565,20.0,41451520,19899703110,,,1
2025-09-04 12:52:49.134,run_565,20.0,41451520,18762312192,,,1
2025-09-04 12:52:49.238,run_565,0.0,41451520,23684784921,,,1
2025-09-04 12:52:49.326,run_565,0.0,41451520,21987051714,,,1
2025-09-04 12:52:49.421,run_565,0.0,41451520,22581007782,,,1
2025-09-04 12:52:49.528,run_565,20.0,41451520,20258349890,,,1
2025-09-04 12:52:49.625,run_565,0.0,41451520,26579157227,,,1
2025-09-04 12:52:49.728,run_565,0.0,41451520,22756316009,,,1
2025-09-04 12:52:49.830,run_565,20.0,41451520,22504585830,,,1
2025-09-04 12:52:49.931,run_565,20.0,41451520,25374224903,,,1
2025-09-04 12:52:50.022,run_565,20.0,41451520,17421066217,,,1
2025-09-04 12:52:50.126,run_565,20.0,41451520,23476906836,,,1
2025-09-04 12:52:50.232,run_565,20.0,41451520,22029034855,,,1
2025-09-04 12:52:50.327,run_565,20.0,41451520,24608006939,,,1
2025-09-04 12:52:50.428,run_565,0.0,41451520,23281124504,,,1
2025-09-04 12:52:50.525,run_565,0.0,41451520,25773334548,,,1
2025-09-04 12:52:50.633,run_565,20.0,41451520,23617044749,,,1
2025-09-04 12:52:50.730,run_565,39.9,41451520,23503543799,,,1
2025-09-04 12:52:50.830,run_565,0.0,41451520,23649683719,,,1
2025-09-04 12:52:50.936,run_565,0.0,41451520,26586123694,,,1
2025-09-04 12:52:51.032,run_565,20.0,41451520,23303375867,,,1
2025-09-04 12:52:51.133,run_565,0.0,41451520,22458082248,,,1
2025-09-04 12:52:51.231,run_565,0.0,41451520,20048846742,,,1
2025-09-04 12:52:51.333,run_565,0.0,41451520,27585512625,,,1
2025-09-04 12:52:51.435,run_565,0.0,41451520,24936796562,,,1
2025-09-04 12:52:51.528,run_565,20.0,41451520,24622150920,,,1
2025-09-04 12:52:51.628,run_565,20.0,41451520,28127976220,,,1
2025-09-04 12:52:51.731,run_565,20.0,41451520,20385969642,,,1
2025-09-04 12:52:51.830,run_565,20.0,41451520,23218244126,,,1
2025-09-04 12:52:51.928,run_565,0.0,41451520,23621178572,,,1
2025-09-04 12:52:52.026,run_565,0.0,41451520,23198398926,,,1
2025-09-04 12:52:52.129,run_565,0.0,41451520,19871396730,,,1
2025-09-04 12:52:52.231,run_565,0.0,41451520,25335402508,,,1
2025-09-04 12:52:52.337,run_565,20.0,41451520,22319153512,,,1
2025-09-04 12:52:52.431,run_565,39.9,41451520,27253316935,,,1
2025-09-04 12:52:52.542,run_565,20.0,41451520,21041987890,,,1
2025-09-04 12:52:52.631,run_565,20.0,41451520,24761924042,,,1
2025-09-04 12:52:52.732,run_565,0.0,41451520,26740363072,,,1
2025-09-04 12:52:52.834,run_565,20.0,41451520,22729159816,,,1
2025-09-04 12:52:52.935,run_565,20.0,41451520,24235349454,,,1
2025-09-04 12:52:53.031,run_565,20.0,41451520,23737122374,,,1
2025-09-04 12:52:53.133,run_565,20.0,41451520,23644624552,,,1
2025-09-04 12:52:53.232,run_565,20.0,41451520,27108809721,,,1
2025-09-04 12:52:53.328,run_565,0.0,41451520,26438906738,,,1
2025-09-04 12:52:53.426,run_565,0.0,41451520,22391860347,,,1
2025-09-04 12:52:53.528,run_565,19.9,41451520,25076839635,,,1
2025-09-04 12:52:53.632,run_565,20.0,41451520,23234115840,,,1
2025-09-04 12:52:53.733,run_565,0.0,41451520,23413975832,,,1
2025-09-04 12:52:53.827,run_565,0.0,41451520,28128533352,,,1
2025-09-04 12:52:53.928,run_565,20.0,41451520,27549653768,,,1
2025-09-04 12:52:54.033,run_565,20.0,41451520,23282765912,,,1
2025-09-04 12:52:54.135,run_565,0.0,41451520,27404203597,,,1
2025-09-04 12:52:54.232,run_565,20.0,41451520,28222221324,,,1
2025-09-04 12:52:54.329,run_565,0.0,41451520,23448239675,,,1
2025-09-04 12:52:54.426,run_565,0.0,41451520,19169617719,,,1
2025-09-04 12:52:54.534,run_565,20.0,41451520,21420753235,,,1
2025-09-04 12:52:54.628,run_565,20.0,41451520,24905407915,,,1
2025-09-04 12:52:54.737,run_565,20.0,41451520,26137187524,,,1
2025-09-04 12:52:54.827,run_565,20.0,41451520,26221817692,,,1
2025-09-04 12:52:54.940,run_565,20.0,41451520,17940271536,,,1
2025-09-04 12:52:55.030,run_565,20.0,41451520,23973037880,,,1
2025-09-04 12:52:55.134,run_565,39.9,41451520,23500582792,,,1
2025-09-04 12:52:55.240,run_565,0.0,41451520,24240062639,,,1
2025-09-04 12:52:55.337,run_565,20.0,41451520,26463735046,,,1
2025-09-04 12:52:55.432,run_565,0.0,41451520,25651719167,,,1
2025-09-04 12:52:55.531,run_565,0.0,41451520,23437130325,,,1
2025-09-04 12:52:55.632,run_565,0.0,41451520,23399327034,,,1
2025-09-04 12:52:55.730,run_565,0.0,41451520,21705967599,,,1
2025-09-04 12:52:55.830,run_565,20.0,41451520,28352617326,,,1
2025-09-04 12:52:55.932,run_565,20.0,41451520,25055729917,,,1
2025-09-04 12:52:56.040,run_565,20.0,41451520,22475535978,,,1
2025-09-04 12:52:56.141,run_565,20.0,41451520,27385085406,,,1
2025-09-04 12:52:56.240,run_565,20.0,41451520,21297975159,,,1
2025-09-04 12:52:56.333,run_565,20.0,41451520,27133761096,,,1
2025-09-04 12:52:56.437,run_565,20.0,41451520,25630288526,,,1
2025-09-04 12:52:56.537,run_565,20.0,41451520,25434827980,,,1
2025-09-04 12:52:56.637,run_565,20.0,41451520,25791557492,,,1
2025-09-04 12:52:56.740,run_565,20.0,41451520,27172549980,,,1
2025-09-04 12:52:56.834,run_565,20.0,41451520,24109886895,,,1
2025-09-04 12:52:56.935,run_565,20.0,41451520,23726935568,,,1
2025-09-04 12:52:57.036,run_565,0.0,41451520,25776853116,,,1
2025-09-04 12:52:57.133,run_565,0.0,41451520,23218884882,,,1
2025-09-04 12:52:57.233,run_565,0.0,41451520,27760303537,,,1
2025-09-04 12:52:57.333,run_565,0.0,41451520,26618630647,,,1
2025-09-04 12:52:57.431,run_565,20.0,41451520,29584974744,,,1
2025-09-04 12:52:57.539,run_565,20.0,41451520,23361317608,,,1
2025-09-04 12:52:57.633,run_565,20.0,41451520,21218883190,,,1
2025-09-04 12:52:57.737,run_565,20.0,41451520,26025175449,,,1
2025-09-04 12:52:57.834,run_565,20.0,41451520,26239622800,,,1
2025-09-04 12:52:57.943,run_565,20.0,41451520,25684805201,,,1
2025-09-04 12:52:58.038,run_565,20.0,41451520,28362744078,,,1
2025-09-04 12:52:58.130,run_565,0.0,41451520,29459754933,,,1
2025-09-04 12:52:58.242,run_565,0.0,41451520,22343041050,,,1
2025-09-04 12:52:58.347,run_565,0.0,41451520,25757642625,,,1
2025-09-04 12:52:58.431,run_565,0.0,41451520,29653715118,,,1
2025-09-04 12:52:58.537,run_565,20.0,41451520,28615542221,,,1
2025-09-04 12:52:58.638,run_565,20.0,41451520,26018932481,,,1
2025-09-04 12:52:58.732,run_565,20.0,41451520,26893787960,,,1
2025-09-04 12:52:58.841,run_565,20.0,41451520,24612553155,,,1
2025-09-04 12:52:58.936,run_565,0.0,41451520,25920270706,,,1
2025-09-04 12:52:59.033,run_565,0.0,41451520,26796190411,,,1
2025-09-04 12:52:59.138,run_565,20.0,41451520,26447866431,,,1
2025-09-04 12:52:59.239,run_565,20.0,41451520,26715321840,,,1
2025-09-04 12:52:59.338,run_565,20.0,41451520,24300029302,,,1
2025-09-04 12:52:59.445,run_565,20.0,41451520,25758594576,,,1
2025-09-04 12:52:59.540,run_565,0.0,41451520,25457365043,,,1
2025-09-04 12:52:59.637,run_565,0.0,41451520,29205053887,,,1
2025-09-04 12:52:59.737,run_565,0.0,41451520,26822556092,,,1
2025-09-04 12:52:59.837,run_565,0.0,41451520,23690681912,,,1
2025-09-04 12:52:59.967,run_565,20.0,41451520,31892182078,,,1
2025-09-04 12:53:00.056,run_565,0.0,41451520,27381562678,,,1
2025-09-04 12:53:00.151,run_565,20.0,41451520,26122903071,,,1
2025-09-04 12:53:00.264,run_565,20.0,41451520,27852068782,,,1
2025-09-04 12:53:00.360,run_565,20.0,41451520,26876320808,,,1
2025-09-04 12:53:00.449,run_565,0.0,41451520,22956623604,,,1
2025-09-04 12:53:00.567,run_565,0.0,41451520,26994646413,,,1
2025-09-04 12:53:00.658,run_565,0.0,41451520,24739497629,,,1
2025-09-04 12:53:00.758,run_565,19.9,41451520,25972424093,,,1
2025-09-04 12:53:00.854,run_565,0.0,41451520,25440176752,,,1
2025-09-04 12:53:00.958,run_565,0.0,41451520,25375899386,,,1
2025-09-04 12:53:01.055,run_565,19.9,41451520,26681998099,,,1
2025-09-04 12:53:01.169,run_565,20.0,41451520,27766217803,,,1
2025-09-04 12:53:01.262,run_565,0.0,41451520,31337719572,,,1
2025-09-04 12:53:01.352,run_565,0.0,41451520,27855644562,,,1
2025-09-04 12:53:01.466,run_565,0.0,41451520,27787567693,,,1
2025-09-04 12:53:01.562,run_565,20.0,41451520,26978629453,,,1
2025-09-04 12:53:01.662,run_565,20.0,41451520,29570005710,,,1
2025-09-04 12:53:01.758,run_565,0.0,41451520,25613242271,,,1
2025-09-04 12:53:01.879,run_565,0.0,41451520,28449148541,,,1
2025-09-04 12:53:01.969,run_565,0.0,41451520,28592801952,,,1
2025-09-04 12:53:02.076,run_565,0.0,41451520,28959429633,,,1
2025-09-04 12:53:02.174,run_565,0.0,41451520,19310316590,,,1
2025-09-04 12:53:02.270,run_565,20.0,41451520,23316964859,,,1
2025-09-04 12:53:02.373,run_565,0.0,41451520,24590450710,,,1
2025-09-04 12:53:02.472,run_565,20.0,41451520,27629077535,,,1
2025-09-04 12:53:02.579,run_565,0.0,41451520,25116005492,,,1
2025-09-04 12:53:02.672,run_565,20.0,41451520,29657511001,,,1
2025-09-04 12:53:02.778,run_565,20.0,41451520,31033558395,,,1
2025-09-04 12:53:02.872,run_565,20.0,41451520,27001822554,,,1
2025-09-04 12:53:02.970,run_565,19.9,41451520,22192552849,,,1
2025-09-04 12:53:03.072,run_565,0.0,41451520,28776412320,,,1
2025-09-04 12:53:03.170,run_565,20.0,41451520,31421895069,,,1
2025-09-04 12:53:03.280,run_565,19.9,41451520,24660664451,,,1
2025-09-04 12:53:03.368,run_565,0.0,41451520,25243953034,,,1
2025-09-04 12:53:03.471,run_565,0.0,41451520,25828609253,,,1
2025-09-04 12:53:03.569,run_565,0.0,41451520,23030906500,,,1
2025-09-04 12:53:03.666,run_565,0.0,41451520,27100240562,,,1
2025-09-04 12:53:03.771,run_565,20.0,41451520,28435705914,,,1
2025-09-04 12:53:03.866,run_565,0.0,41451520,28364944742,,,1
2025-09-04 12:53:03.973,run_565,0.0,41451520,26625693251,,,1
2025-09-04 12:53:04.072,run_565,20.0,41451520,25895946120,,,1
2025-09-04 12:53:04.171,run_565,0.0,41451520,30901830898,,,1
2025-09-04 12:53:04.289,run_565,0.0,41451520,25054603119,,,1
2025-09-04 12:53:04.377,run_565,20.0,41451520,23669283872,,,1
2025-09-04 12:53:04.484,run_565,0.0,41451520,22282457600,,,1
2025-09-04 12:53:04.579,run_565,0.0,41451520,30504262256,,,1
2025-09-04 12:53:04.678,run_565,20.0,41451520,23917332532,,,1
2025-09-04 12:53:04.788,run_565,19.9,41451520,27897358403,,,1
2025-09-04 12:53:04.879,run_565,19.9,41451520,26018834014,,,1
2025-09-04 12:53:04.978,run_565,0.0,41451520,24604861620,,,1
2025-09-04 12:53:05.076,run_565,20.0,41451520,30615693150,,,1
2025-09-04 12:53:05.181,run_565,20.0,41451520,22790246020,,,1
2025-09-04 12:53:05.278,run_565,19.9,41451520,26445702838,,,1
2025-09-04 12:53:05.377,run_565,19.9,41451520,28564365251,,,1
2025-09-04 12:53:05.475,run_565,0.0,41451520,32357640297,,,1
2025-09-04 12:53:05.575,run_565,0.0,41451520,28617147207,,,1
2025-09-04 12:53:05.685,run_565,19.9,41451520,32310068304,,,1
2025-09-04 12:53:05.785,run_565,20.0,41451520,29359426060,,,1
2025-09-04 12:53:05.884,run_565,19.9,41451520,27431628224,,,1
2025-09-04 12:53:05.982,run_565,20.0,41451520,24938621389,,,1
2025-09-04 12:53:06.082,run_565,19.9,41451520,24954102633,,,1
2025-09-04 12:53:06.195,run_565,20.0,41451520,19750137742,,,1
2025-09-04 12:53:06.285,run_565,20.0,41451520,28095835500,,,1
2025-09-04 12:53:06.383,run_565,20.0,41451520,24138924359,,,1
2025-09-04 12:53:06.486,run_565,20.0,41451520,26797258674,,,1
2025-09-04 12:53:06.589,run_565,20.0,41451520,28522493013,,,1
2025-09-04 12:53:06.679,run_565,20.0,41451520,27366749512,,,1
2025-09-04 12:53:06.780,run_565,0.0,41451520,26749884320,,,1
2025-09-04 12:53:06.879,run_565,20.0,41451520,27198383562,,,1
2025-09-04 12:53:06.980,run_565,20.0,41451520,26781653997,,,1
2025-09-04 12:53:07.089,run_565,20.0,41451520,24553952083,,,1
2025-09-04 12:53:07.181,run_565,0.0,41451520,25995780312,,,1
2025-09-04 12:53:07.279,run_565,0.0,41451520,27740337055,,,1
2025-09-04 12:53:07.379,run_565,20.0,41451520,23266755819,,,1
2025-09-04 12:53:07.494,run_565,19.9,41451520,18136770470,,,1
2025-09-04 12:53:07.578,run_565,20.0,41451520,29949719882,,,1
2025-09-04 12:53:07.683,run_565,20.0,41451520,22776958319,,,1
2025-09-04 12:53:07.784,run_565,0.0,41451520,28209369111,,,1
2025-09-04 12:53:07.883,run_565,19.9,41451520,28742282886,,,1
2025-09-04 12:53:07.985,run_565,20.0,41451520,25514507820,,,1
2025-09-04 12:53:08.088,run_565,20.0,41451520,27975177692,,,1
2025-09-04 12:53:08.178,run_565,20.0,41451520,26993348903,,,1
2025-09-04 12:53:08.285,run_565,19.9,41451520,29199569121,,,1
2025-09-04 12:53:08.392,run_565,0.0,41451520,25811908887,,,1
2025-09-04 12:53:08.488,run_565,0.0,41451520,22536818502,,,1
2025-09-04 12:53:08.585,run_565,0.0,41451520,23692955500,,,1
2025-09-04 12:53:08.702,run_565,20.0,41451520,27577350574,,,1
2025-09-04 12:53:08.787,run_565,20.0,41451520,24447842817,,,1
2025-09-04 12:53:08.896,run_565,19.9,41451520,26267195500,,,1
2025-09-04 12:53:08.999,run_565,19.9,41451520,23676372720,,,1
2025-09-04 12:53:09.099,run_565,20.0,41451520,23884917562,,,1
2025-09-04 12:53:09.205,run_565,20.0,41451520,25857212856,,,1
2025-09-04 12:53:09.296,run_565,0.0,41451520,29427963552,,,1
2025-09-04 12:53:09.407,run_565,0.0,41451520,24955589472,,,1
2025-09-04 12:53:09.505,run_565,0.0,41451520,32829997888,,,1
2025-09-04 12:53:09.599,run_565,0.0,41451520,22541580405,,,1
2025-09-04 12:53:09.703,run_565,0.0,41451520,28310112869,,,1
2025-09-04 12:53:09.795,run_565,0.0,41451520,25010002290,,,1
2025-09-04 12:53:09.907,run_565,20.0,41451520,26336260746,,,1
2025-09-04 12:53:09.991,run_565,20.0,41451520,30544277832,,,1
2025-09-04 12:53:10.103,run_565,0.0,41451520,24432278571,,,1
2025-09-04 12:53:10.192,run_565,0.0,41451520,26503007007,,,1
2025-09-04 12:53:10.298,run_565,39.9,41451520,23348227032,,,1
2025-09-04 12:53:10.391,run_565,20.0,41451520,23881522797,,,1
2025-09-04 12:53:10.510,run_565,20.0,41451520,32056290700,,,1
2025-09-04 12:53:10.607,run_565,20.0,41451520,22902409068,,,1
2025-09-04 12:53:10.699,run_565,0.0,41451520,25296632810,,,1
2025-09-04 12:53:10.791,run_565,0.0,41451520,32047818142,,,1
2025-09-04 12:53:10.906,run_565,0.0,41451520,22640758991,,,1
2025-09-04 12:53:10.998,run_565,0.0,41451520,21724810002,,,1
2025-09-04 12:53:11.095,run_565,20.0,41451520,30202422388,,,1
2025-09-04 12:53:11.205,run_565,20.0,41451520,27364292512,,,1
2025-09-04 12:53:11.303,run_565,20.0,41451520,29682817132,,,1
2025-09-04 12:53:11.407,run_565,0.0,41451520,30214484146,,,1
2025-09-04 12:53:11.504,run_565,0.0,41451520,28006563321,,,1
2025-09-04 12:53:11.596,run_565,0.0,41451520,24662866364,,,1
2025-09-04 12:53:11.708,run_565,20.0,41451520,23492817918,,,1
2025-09-04 12:53:11.804,run_565,20.0,41451520,28336659374,,,1
2025-09-04 12:53:11.898,run_565,0.0,41451520,26894220225,,,1
2025-09-04 12:53:12.000,run_565,20.0,41451520,24942107617,,,1
2025-09-04 12:53:12.107,run_565,0.0,41451520,28299359060,,,1
2025-09-04 12:53:12.202,run_565,0.0,41451520,30593600520,,,1
2025-09-04 12:53:12.300,run_565,20.0,41451520,28862528457,,,1
2025-09-04 12:53:12.411,run_565,0.0,41451520,29172205937,,,1
2025-09-04 12:53:12.497,run_565,0.0,41451520,27996970522,,,1
2025-09-04 12:53:12.601,run_565,20.0,41451520,27375908450,,,1
2025-09-04 12:53:12.704,run_565,20.0,41451520,27720016516,,,1
2025-09-04 12:53:12.801,run_565,20.0,41451520,31673036271,,,1
2025-09-04 12:53:12.900,run_565,20.0,41451520,28445608660,,,1
2025-09-04 12:53:13.005,run_565,0.0,41451520,33705199199,,,1
2025-09-04 12:53:13.102,run_565,0.0,41451520,28016044800,,,1
2025-09-04 12:53:13.203,run_565,20.0,41451520,20811712949,,,1
2025-09-04 12:53:13.305,run_565,20.0,41451520,25202747284,,,1
2025-09-04 12:53:13.404,run_565,20.0,41451520,32761021657,,,1
2025-09-04 12:53:13.499,run_565,0.0,41451520,26302346205,,,1
2025-09-04 12:53:13.598,run_565,0.0,41451520,27364209075,,,1
2025-09-04 12:53:13.709,run_565,20.0,41451520,27412608802,,,1
2025-09-04 12:53:13.807,run_565,20.0,41451520,25148459048,,,1
2025-09-04 12:53:13.908,run_565,20.0,41451520,27928152780,,,1
2025-09-04 12:53:14.010,run_565,0.0,41451520,24692624880,,,1
2025-09-04 12:53:14.099,run_565,20.0,41451520,28185039431,,,1
2025-09-04 12:53:14.211,run_565,39.9,41451520,32651279551,,,1
2025-09-04 12:53:14.301,run_565,0.0,41451520,26388568475,,,1
2025-09-04 12:53:14.411,run_565,20.0,41451520,23998440280,,,1
2025-09-04 12:53:14.533,run_565,20.0,41451520,31414236262,,,1
2025-09-04 12:53:14.620,run_565,0.0,41451520,29739605719,,,1
2025-09-04 12:53:14.722,run_565,0.0,41451520,35725037689,,,1
2025-09-04 12:53:14.819,run_565,0.0,41451520,26259635454,,,1
2025-09-04 12:53:14.929,run_565,0.0,41451520,22668726057,,,1
2025-09-04 12:53:15.022,run_565,0.0,41451520,25949350993,,,1
2025-09-04 12:53:15.122,run_565,20.0,41451520,28363278257,,,1
2025-09-04 12:53:15.224,run_565,0.0,41451520,26674963523,,,1
2025-09-04 12:53:15.323,run_565,20.0,41451520,31747266052,,,1
2025-09-04 12:53:15.421,run_565,20.0,41451520,25922431522,,,1
2025-09-04 12:53:15.543,run_565,19.9,41451520,25521374625,,,1
2025-09-04 12:53:15.636,run_565,0.0,41451520,31829004842,,,1
2025-09-04 12:53:15.727,run_565,0.0,41451520,32083213416,,,1
2025-09-04 12:53:15.830,run_565,20.0,41451520,31110433451,,,1
2025-09-04 12:53:15.932,run_565,39.9,41451520,34342511709,,,1
2025-09-04 12:53:16.030,run_565,0.0,41451520,30511507455,,,1
2025-09-04 12:53:16.141,run_565,0.0,41451520,34168067999,,,1
2025-09-04 12:53:16.232,run_565,0.0,41451520,34134320624,,,1
2025-09-04 12:53:16.343,run_565,20.0,41451520,31650218304,,,1
2025-09-04 12:53:16.435,run_565,20.0,41451520,29196508725,,,1
2025-09-04 12:53:16.534,run_565,20.0,41451520,31394163507,,,1
2025-09-04 12:53:16.627,run_565,20.0,41451520,32791438402,,,1
2025-09-04 12:53:16.732,run_565,0.0,41451520,25543980732,,,1
2025-09-04 12:53:16.825,run_565,0.0,41451520,28562208335,,,1
2025-09-04 12:53:16.936,run_565,0.0,41451520,26834265468,,,1
2025-09-04 12:53:17.028,run_565,20.0,41451520,27795895802,,,1
2025-09-04 12:53:17.134,run_565,20.0,41451520,25788231454,,,1
2025-09-04 12:53:17.235,run_565,20.0,41451520,29534022499,,,1
2025-09-04 12:53:17.329,run_565,19.9,41451520,34908055182,,,1
2025-09-04 12:53:17.429,run_565,20.0,41451520,33314759526,,,1
2025-09-04 12:53:17.530,run_565,20.0,41451520,31413990090,,,1
2025-09-04 12:53:17.636,run_565,0.0,41451520,28464520647,,,1
2025-09-04 12:53:17.728,run_565,0.0,41451520,29917820503,,,1
2025-09-04 12:53:17.828,run_565,39.9,41451520,33738197353,,,1
2025-09-04 12:53:17.929,run_565,19.9,41451520,32692956879,,,1
2025-09-04 12:53:18.031,run_565,20.0,41451520,27449161488,,,1
2025-09-04 12:53:18.133,run_565,19.9,41451520,29901164086,,,1
2025-09-04 12:53:18.232,run_565,0.0,41451520,29691248699,,,1
2025-09-04 12:53:18.331,run_565,0.0,41451520,29300831240,,,1
2025-09-04 12:53:18.430,run_565,0.0,41451520,37105217005,,,1
2025-09-04 12:53:18.533,run_565,0.0,41451520,34807581570,,,1
2025-09-04 12:53:18.635,run_565,0.0,41451520,34865158970,,,1
2025-09-04 12:53:18.744,run_565,20.0,41451520,24521543847,,,1
2025-09-04 12:53:18.828,run_565,0.0,41451520,31149951105,,,1
2025-09-04 12:53:18.946,run_565,0.0,41451520,29438597967,,,1
2025-09-04 12:53:19.037,run_565,19.9,41451520,29406857074,,,1
2025-09-04 12:53:19.138,run_565,19.9,41451520,31001682536,,,1
2025-09-04 12:53:19.234,run_565,20.0,41451520,27254679480,,,1
2025-09-04 12:53:19.336,run_565,20.0,41451520,31374979286,,,1
2025-09-04 12:53:19.446,run_565,0.0,41451520,30809596272,,,1
2025-09-04 12:53:19.535,run_565,0.0,41451520,28540826869,,,1
2025-09-04 12:53:19.633,run_565,0.0,41451520,29545582079,,,1
2025-09-04 12:53:19.738,run_565,19.9,41451520,25437053700,,,1
2025-09-04 12:53:19.839,run_565,20.0,41451520,22939012947,,,1
2025-09-04 12:53:19.933,run_565,20.0,41451520,32395844590,,,1
2025-09-04 12:53:20.046,run_565,20.0,41451520,35414243046,,,1
2025-09-04 12:53:20.136,run_565,0.0,41451520,29647000057,,,1
2025-09-04 12:53:20.236,run_565,0.0,41451520,34862069040,,,1
2025-09-04 12:53:20.352,run_565,19.9,41451520,27178392348,,,1
2025-09-04 12:53:20.436,run_565,20.0,41451520,34692781269,,,1
2025-09-04 12:53:20.549,run_565,20.0,41451520,31991027849,,,1
2025-09-04 12:53:20.646,run_565,20.0,41451520,31827134924,,,1
2025-09-04 12:53:20.752,run_565,20.0,41451520,36154951594,,,1
2025-09-04 12:53:20.835,run_565,0.0,41451520,31563278403,,,1
2025-09-04 12:53:20.944,run_565,20.0,41451520,29251658982,,,1
2025-09-04 12:53:21.047,run_565,20.0,41451520,29348409615,,,1
2025-09-04 12:53:21.137,run_565,20.0,41451520,37132895800,,,1
2025-09-04 12:53:21.244,run_565,20.0,41451520,28632698595,,,1
2025-09-04 12:53:21.344,run_565,20.0,41451520,29594097123,,,1
2025-09-04 12:53:21.452,run_565,20.0,41451520,31449672108,,,1
2025-09-04 12:53:21.544,run_565,20.0,41451520,33004290385,,,1
2025-09-04 12:53:21.644,run_565,20.0,41451520,26663661835,,,1
2025-09-04 12:53:21.742,run_565,0.0,41451520,30951116652,,,1
2025-09-04 12:53:21.841,run_565,20.0,41451520,34774440464,,,1
2025-09-04 12:53:21.938,run_565,20.0,41451520,29929544549,,,1
2025-09-04 12:53:22.042,run_565,20.0,41451520,26298476925,,,1
2025-09-04 12:53:22.140,run_565,0.0,41451520,38632312424,,,1
2025-09-04 12:53:22.251,run_565,0.0,41451520,29046799672,,,1
2025-09-04 12:53:22.342,run_565,0.0,41451520,29630246557,,,1
2025-09-04 12:53:22.441,run_565,0.0,41451520,27118454826,,,1
2025-09-04 12:53:22.551,run_565,0.0,41451520,34830775304,,,1
2025-09-04 12:53:22.638,run_565,0.0,41451520,32849797236,,,1
2025-09-04 12:53:22.740,run_565,0.0,41451520,33313040176,,,1
2025-09-04 12:53:22.834,run_565,0.0,41451520,29869758652,,,1
2025-09-04 12:53:22.949,run_565,0.0,41451520,32451496681,,,1
2025-09-04 12:53:23.048,run_565,0.0,41451520,27423387459,,,1
2025-09-04 12:53:23.140,run_565,0.0,41451520,29479210060,,,1
2025-09-04 12:53:23.251,run_565,0.0,41451520,29418285698,,,1
2025-09-04 12:53:23.344,run_565,0.0,41451520,33099633657,,,1
2025-09-04 12:53:23.443,run_565,20.0,41451520,31207869545,,,1
2025-09-04 12:53:23.538,run_565,0.0,41451520,28220584294,,,1
2025-09-04 12:53:23.639,run_565,19.9,41451520,28493025264,,,1
2025-09-04 12:53:23.745,run_565,0.0,41451520,28775541168,,,1
2025-09-04 12:53:23.839,run_565,20.0,41451520,33903206823,,,1
2025-09-04 12:53:23.943,run_565,0.0,41451520,32979407849,,,1
2025-09-04 12:53:24.042,run_565,0.0,41451520,31369365895,,,1
2025-09-04 12:53:24.153,run_565,20.0,41451520,25602793275,,,1
2025-09-04 12:53:24.251,run_565,0.0,41451520,23637915879,,,1
2025-09-04 12:53:24.355,run_565,0.0,41451520,30651775055,,,1
2025-09-04 12:53:24.438,run_565,0.0,41451520,36072355003,,,1
2025-09-04 12:53:24.545,run_565,20.0,41451520,29158276197,,,1
2025-09-04 12:53:24.654,run_565,0.0,41451520,22608023905,,,1
2025-09-04 12:53:24.742,run_565,0.0,41451520,35095818622,,,1
2025-09-04 12:53:24.838,run_565,20.0,41451520,28732737360,,,1
2025-09-04 12:53:24.941,run_565,0.0,41451520,32410535620,,,1
2025-09-04 12:53:25.043,run_565,0.0,41451520,30414340440,,,1
2025-09-04 12:53:25.149,run_565,0.0,41451520,31785160548,,,1
2025-09-04 12:53:25.241,run_565,0.0,41451520,35422248920,,,1
2025-09-04 12:53:25.348,run_565,0.0,41451520,32163041534,,,1
2025-09-04 12:53:25.450,run_565,20.0,41451520,28107703368,,,1
2025-09-04 12:53:25.542,run_565,20.0,41451520,32029448060,,,1
2025-09-04 12:53:25.647,run_565,0.0,41451520,30377955846,,,1
2025-09-04 12:53:25.744,run_565,0.0,41451520,31384188989,,,1
2025-09-04 12:53:25.841,run_565,20.0,41451520,30586489864,,,1
2025-09-04 12:53:25.946,run_565,0.0,41451520,32601058420,,,1
2025-09-04 12:53:26.050,run_565,0.0,41451520,27962078536,,,1
2025-09-04 12:53:26.153,run_565,19.9,41451520,27118153042,,,1
2025-09-04 12:53:26.246,run_565,0.0,41451520,30676634880,,,1
2025-09-04 12:53:26.348,run_565,0.0,41451520,31575877215,,,1
2025-09-04 12:53:26.444,run_565,20.0,41451520,38189650407,,,1
2025-09-04 12:53:26.550,run_565,0.0,41451520,29824327338,,,1
2025-09-04 12:53:26.648,run_565,0.0,41451520,29142693359,,,1
2025-09-04 12:53:26.745,run_565,0.0,41451520,32730294506,,,1
2025-09-04 12:53:26.850,run_565,20.0,41451520,28256314806,,,1
2025-09-04 12:53:26.949,run_565,0.0,41451520,35866312454,,,1
2025-09-04 12:53:27.042,run_565,0.0,41451520,30385624274,,,1
2025-09-04 12:53:27.145,run_565,0.0,41451520,33783728517,,,1
